2014-11-13 15:15,0,12.67,7.633,0.515,0,6.707,0.017,-99,0,6.64,0.028,0.472,0,6.045,0.012,361.2,5.564,-99,22.26
2014-11-13 15:30,1,12.66,7.911,0.512,0.007,6.615,0.03,-99,0,6.709,0.032,0.472,0,5.945,0.047,51.56,124.6,-99,240.7
2014-11-13 15:45,2,12.65,7.385,0.506,0,6.405,0.081,-99,0,6.652,0.059,0.473,0,5.862,0.028,0,0,125.2,95.1
2014-11-13 16:00,3,12.73,6.674,0.506,0,6.252,0.023,-99,0,6.511,0.031,0.472,0,5.822,0.02,57.47,72.88,84.3,8.01
2014-11-13 16:15,4,12.78,6.726,0.506,0,6.205,0.018,-99,0,6.451,0.021,0.472,0,5.786,0.017,81.5,32.21,59.06,23.06
2014-11-13 16:30,5,12.75,6.417,0.506,0,6.192,0.025,-99,0,6.41,0.019,0.472,0,5.758,0.017,22.03,7.554,16.58,4.286
2014-11-13 16:45,6,12.72,5.69,0.506,0,6.167,0.013,-99,0,6.38,0.017,0.472,0,5.736,0.017,3.634,3.62,2.726,2.837
2014-11-13 17:00,7,12.7,4.811,0.506,0,6.144,0.029,-99,0,6.344,0.016,0.472,0,5.713,0.015,-1.363,1.669,-1.59,1.7
2014-11-13 17:15,8,12.69,3.883,0.506,0,6.102,0.026,-99,0,6.329,0.018,0.473,0,5.698,0.014,-3.408,0,-3.408,0
2014-11-13 17:30,9,12.68,3.22,0.506,0,6.028,0.03,-99,0,6.297,0.016,0.473,0,5.687,0.016,-3.408,0,-3.408,0
2014-11-13 17:45,10,12.67,2.67,0.506,0,5.954,0.036,-99,0,6.259,0.022,0.473,0,5.68,0.012,-3.408,0,-3.408,0
2014-11-13 18:00,11,12.66,2.218,0.506,0,5.856,0.036,-99,0,6.227,0.022,0.473,0,5.666,0.017,-3.408,0,-3.408,0
2014-11-13 18:15,12,12.66,1.747,0.506,0,5.771,0.03,-99,0,6.181,0.025,0.473,0,5.666,0.015,-3.408,0,-3.408,0
2014-11-13 18:30,13,12.65,1.326,0.506,0,5.684,0.035,-99,0,6.137,0.017,0.473,0,5.653,0.018,-3.408,0,-3.408,0
2014-11-13 18:45,14,12.64,1.106,0.506,0,5.584,0.039,-99,0,6.081,0.024,0.473,0,5.65,0.016,-3.408,0,-3.408,0
2014-11-13 19:00,15,12.63,1.371,0.506,0,5.498,0.031,-99,0,6.027,0.025,0.473,0,5.64,0.017,-3.408,0,-3.408,0
2014-11-13 19:15,16,12.63,1.642,0.506,0,5.409,0.029,-99,0,5.978,0.02,0.473,0,5.646,0.016,-3.408,0,-3.408,0
2014-11-13 19:30,17,12.62,1.857,0.505,0,5.331,0.027,-99,0,5.926,0.016,0.473,0,5.644,0.02,-3.408,0,-3.408,0
2014-11-13 19:45,18,12.62,2.016,0.505,0,5.266,0.021,-99,0,5.876,0.013,0.473,0,5.631,0.014,-3.408,0,-3.408,0
2014-11-13 20:00,19,12.62,2.077,0.505,0,5.205,0.022,-99,0,5.832,0.027,0.473,0,5.636,0.012,-3.408,0,-3.408,0
2014-11-13 20:15,20,12.61,2.115,0.505,0,5.166,0.021,-99,0,5.795,0.018,0.473,0,5.625,0.017,-3.408,0,-3.408,0
2014-11-13 20:30,21,12.61,2.205,0.505,0,5.131,0.016,-99,0,5.751,0.02,0.473,0,5.631,0.017,-3.408,0,-3.408,0
2014-11-13 20:45,22,12.61,2.378,0.505,0,5.101,0.022,-99,0,5.72,0.019,0.473,0,5.628,0.015,-3.408,0,-3.408,0
2014-11-13 21:00,23,12.61,2.516,0.505,0,5.08,0.024,-99,0,5.69,0.019,0.473,0,5.619,0.02,-3.408,0,-3.408,0
2014-11-13 21:15,24,12.61,2.613,0.505,0,5.057,0.023,-99,0,5.658,0.019,0.473,0,5.612,0.016,-3.408,0,-3.408,0
2014-11-13 21:30,25,12.6,2.68,0.505,0,5.051,0.021,-99,0,5.633,0.026,0.473,0,5.611,0.015,-3.408,0,-3.408,0
2014-11-13 21:45,26,12.6,2.743,0.505,0,5.025,0.02,-99,0,5.608,0.02,0.473,0,5.611,0.016,-3.408,0,-3.408,0
2014-11-13 22:00,27,12.6,2.789,0.505,0,5.009,0.024,-99,0,5.59,0.021,0.473,0,5.605,0.017,-3.408,0,-3.408,0
2014-11-13 22:15,28,12.6,2.809,0.505,0,5.009,0.026,-99,0,5.573,0.021,0.473,0,5.601,0.022,-3.408,0,-3.408,0
2014-11-13 22:30,29,12.59,2.744,0.504,0,5.003,0.02,-99,0,5.552,0.025,0.473,0,5.594,0.018,-3.408,0,-3.408,0
2014-11-13 22:45,30,12.59,2.586,0.504,0,4.998,0.023,-99,0,5.526,0.022,0.473,0,5.595,0.015,-3.408,0,-3.408,0
2014-11-13 23:00,31,12.59,2.491,0.504,0,4.996,0.023,-99,0,5.523,0.017,0.473,0,5.585,0.014,-3.408,0,-3.408,0
2014-11-13 23:15,32,12.59,2.515,0.504,0,4.98,0.018,-99,0,5.503,0.011,0.473,0,5.587,0.015,-3.408,0,-3.408,0
2014-11-13 23:30,33,12.59,2.583,0.504,0,4.972,0.017,-99,0,5.482,0.016,0.473,0,5.573,0.009,-3.408,0,-3.408,0
2014-11-13 23:45,34,12.59,2.652,0.504,0,4.943,0.021,-99,0,5.464,0.026,0.473,0,5.579,0.015,-3.408,0,-3.408,0